1000 500 1000000000
2 503
3 504
4 505
5 506
6 507
7 508
8 509
9 510
10 511
11 512
12 513
13 514
14 515
15 516
16 517
17 518
18 519
19 520
20 521
21 522
22 523
23 524
24 525
25 526
26 527
27 528
28 529
29 530
30 531
31 532
32 533
33 534
34 535
35 536
36 537
37 538
38 539
39 540
40 541
41 542
42 543
43 544
44 545
45 546
46 547
47 548
48 549
49 550
50 551
51 552
52 553
53 554
54 555
55 556
56 557
57 558
58 559
59 560
60 561
61 562
62 563
63 564
64 565
65 566
66 567
67 568
68 569
69 570
70 571
71 572
72 573
73 574
74 575
75 576
76 577
77 578
78 579
79 580
80 581
81 582
82 583
83 584
84 585
85 586
86 587
87 588
88 589
89 590
90 591
91 592
92 593
93 594
94 595
95 596
96 597
97 598
98 599
99 600
100 601
101 602
102 603
103 604
104 605
105 606
106 607
107 608
108 609
109 610
110 611
111 612
112 613
113 614
114 615
115 616
116 617
117 618
118 619
119 620
120 621
121 622
122 623
123 624
124 625
125 626
126 627
127 628
128 629
129 630
130 631
131 632
132 633
133 634
134 635
135 636
136 637
137 638
138 639
139 640
140 641
141 642
142 643
143 644
144 645
145 646
146 647
147 648
148 649
149 650
150 651
151 652
152 653
153 654
154 655
155 656
156 657
157 658
158 659
159 660
160 661
161 662
162 663
163 664
164 665
165 666
166 667
167 668
168 669
169 670
170 671
171 672
172 673
173 674
174 675
175 676
176 677
177 678
178 679
179 680
180 681
181 682
182 683
183 684
184 685
185 686
186 687
187 688
188 689
189 690
190 691
191 692
192 693
193 694
194 695
195 696
196 697
197 698
198 699
199 700
200 701
201 702
202 703
203 704
204 705
205 706
206 707
207 708
208 709
209 710
210 711
211 712
212 713
213 714
214 715
215 716
216 717
217 718
218 719
219 720
220 721
221 722
222 723
223 724
224 725
225 726
226 727
227 728
228 729
229 730
230 731
231 732
232 733
233 734
234 735
235 736
236 737
237 738
238 739
239 740
240 741
241 742
242 743
243 744
244 745
245 746
246 747
247 748
248 749
249 750
250 751
251 752
252 753
253 754
254 755
255 756
256 757
257 758
258 759
259 760
260 761
261 762
262 763
263 764
264 765
265 766
266 767
267 768
268 769
269 770
270 771
271 772
272 773
273 774
274 775
275 776
276 777
277 778
278 779
279 780
280 781
281 782
282 783
283 784
284 785
285 786
286 787
287 788
288 789
289 790
290 791
291 792
292 793
293 794
294 795
295 796
296 797
297 798
298 799
299 800
300 801
301 802
302 803
303 804
304 805
305 806
306 807
307 808
308 809
309 810
310 811
311 812
312 813
313 814
314 815
315 816
316 817
317 818
318 819
319 820
320 821
321 822
322 823
323 824
324 825
325 826
326 827
327 828
328 829
329 830
330 831
331 832
332 833
333 834
334 835
335 836
336 837
337 838
338 839
339 840
340 841
341 842
342 843
343 844
344 845
345 846
346 847
347 848
348 849
349 850
350 851
351 852
352 853
353 854
354 855
355 856
356 857
357 858
358 859
359 860
360 861
361 862
362 863
363 864
364 865
365 866
366 867
367 868
368 869
369 870
370 871
371 872
372 873
373 874
374 875
375 876
376 877
377 878
378 879
379 880
380 881
381 882
382 883
383 884
384 885
385 886
386 887
387 888
388 889
389 890
390 891
391 892
392 893
393 894
394 895
395 896
396 897
397 898
398 899
399 900
400 901
401 902
402 903
403 904
404 905
405 906
406 907
407 908
408 909
409 910
410 911
411 912
412 913
413 914
414 915
415 916
416 917
417 918
418 919
419 920
420 921
421 922
422 923
423 924
424 925
425 926
426 927
427 928
428 929
429 930
430 931
431 932
432 933
433 934
434 935
435 936
436 937
437 938
438 939
439 940
440 941
441 942
442 943
443 944
444 945
445 946
446 947
447 948
448 949
449 950
450 951
451 952
452 953
453 954
454 955
455 956
456 957
457 958
458 959
459 960
460 961
461 962
462 963
463 964
464 965
465 966
466 967
467 968
468 969
469 970
470 971
471 972
472 973
473 974
474 975
475 976
476 977
477 978
478 979
479 980
480 981
481 982
482 983
483 984
484 985
485 986
486 987
487 988
488 989
489 990
490 991
491 992
492 993
493 994
494 995
495 996
496 997
497 998
498 999
499 1000
500 1
501 2
502 3
503 4
504 5
505 6
506 7
507 8
508 9
509 10
510 11
511 12
512 13
513 14
514 15
515 16
516 17
517 18
518 19
519 20
520 21
521 22
522 23
523 24
524 25
525 26
526 27
527 28
528 29
529 30
530 31
531 32
532 33
533 34
534 35
535 36
536 37
537 38
538 39
539 40
540 41
541 42
542 43
543 44
544 45
545 46
546 47
547 48
548 49
549 50
550 51
551 52
552 53
553 54
554 55
555 56
556 57
557 58
558 59
559 60
560 61
561 62
562 63
563 64
564 65
565 66
566 67
567 68
568 69
569 70
570 71
571 72
572 73
573 74
574 75
575 76
576 77
577 78
578 79
579 80
580 81
581 82
582 83
583 84
584 85
585 86
586 87
587 88
588 89
589 90
590 91
591 92
592 93
593 94
594 95
595 96
596 97
597 98
598 99
599 100
600 101
601 102
602 103
603 104
604 105
605 106
606 107
607 108
608 109
609 110
610 111
611 112
612 113
613 114
614 115
615 116
616 117
617 118
618 119
619 120
620 121
621 122
622 123
623 124
624 125
625 126
626 127
627 128
628 129
629 130
630 131
631 132
632 133
633 134
634 135
635 136
636 137
637 138
638 139
639 140
640 141
641 142
642 143
643 144
644 145
645 146
646 147
647 148
648 149
649 150
650 151
651 152
652 153
653 154
654 155
655 156
656 157
657 158
658 159
659 160
660 161
661 162
662 163
663 164
664 165
665 166
666 167
667 168
668 169
669 170
670 171
671 172
672 173
673 174
674 175
675 176
676 177
677 178
678 179
679 180
680 181
681 182
682 183
683 184
684 185
685 186
686 187
687 188
688 189
689 190
690 191
691 192
692 193
693 194
694 195
695 196
696 197
697 198
698 199
699 200
700 201
701 202
702 203
703 204
704 205
705 206
706 207
707 208
708 209
709 210
710 211
711 212
712 213
713 214
714 215
715 216
716 217
717 218
718 219
719 220
720 221
721 222
722 223
723 224
724 225
725 226
726 227
727 228
728 229
729 230
730 231
731 232
732 233
733 234
734 235
735 236
736 237
737 238
738 239
739 240
740 241
741 242
742 243
743 244
744 245
745 246
746 247
747 248
748 249
749 250
750 251
751 252
752 253
753 254
754 255
755 256
756 257
757 258
758 259
759 260
760 261
761 262
762 263
763 264
764 265
765 266
766 267
767 268
768 269
769 270
770 271
771 272
772 273
773 274
774 275
775 276
776 277
777 278
778 279
779 280
780 281
781 282
782 283
783 284
784 285
785 286
786 287
787 288
788 289
789 290
790 291
791 292
792 293
793 294
794 295
795 296
796 297
797 298
798 299
799 300
800 301
801 302
802 303
803 304
804 305
805 306
806 307
807 308
808 309
809 310
810 311
811 312
812 313
813 314
814 315
815 316
816 317
817 318
818 319
819 320
820 321
821 322
822 323
823 324
824 325
825 326
826 327
827 328
828 329
829 330
830 331
831 332
832 333
833 334
834 335
835 336
836 337
837 338
838 339
839 340
840 341
841 342
842 343
843 344
844 345
845 346
846 347
847 348
848 349
849 350
850 351
851 352
852 353
853 354
854 355
855 356
856 357
857 358
858 359
859 360
860 361
861 362
862 363
863 364
864 365
865 366
866 367
867 368
868 369
869 370
870 371
871 372
872 373
873 374
874 375
875 376
876 377
877 378
878 379
879 380
880 381
881 382
882 383
883 384
884 385
885 386
886 387
887 388
888 389
889 390
890 391
891 392
892 393
893 394
894 395
895 396
896 397
897 398
898 399
899 400
900 401
901 402
902 403
903 404
904 405
905 406
906 407
907 408
908 409
909 410
910 411
911 412
912 413
913 414
914 415
915 416
916 417
917 418
918 419
919 420
920 421
921 422
922 423
923 424
924 425
925 426
926 427
927 428
928 429
929 430
930 431
931 432
932 433
933 434
934 435
935 436
936 437
937 438
938 439
939 440
940 441
941 442
942 443
943 444
944 445
945 446
946 447
947 448
948 449
949 450
950 451
951 452
952 453
953 454
954 455
955 456
956 457
957 458
958 459
959 460
960 461
961 462
962 463
963 464
964 465
965 466
966 467
967 468
968 469
969 470
970 471
971 472
972 473
973 474
974 475
975 476
976 477
977 478
978 479
979 480
980 481
981 482
982 483
983 484
984 485
985 486
986 487
987 488
988 489
989 490
990 491
991 492
992 493
993 494
994 495
995 496
996 497
997 498
998 499
999 500
1000 501
1 502
L L L L L L L L L L L L L L L L L L L L L L L L L L L L L L L L L L L L L L L L L L L L L L L L L L L L L L L L L L L L L L L L L L L L L L L L L L L L L L L L L L L L L L L L L L L L L L L L L L L L L L L L L L L L L L L L L L L L L L L L L L L L L L L L L L L L L L L L L L L L L L L L L L L L L L L L L L L L L L L L L L L L L L L L L L L L L L L L L L L L L L L L L L L L L L L L L L L L L L L L L L L L L L L L L L L L L L L L L L L L L L L L L L L L L L L L L L L L L L L L L L L L L L L L L L L L L L L L L L L L L L L L L L L L L L L L L L L L L L L L L L L L L L L L L L L L L L L L L L L L L L L L L L L L L L L L L L L L L L L L L L L L L L L L L L L L L L L L L L L L L L L L L L L L L L L L L L L L L L L L L L L L L L L L L L L L L L L L L L L L L L L L L L L L L L L L L L L L L L L L L L L L L L L L L L L L L L L L L L L L L L L L L L L L L L L L L L L L L L L L L L L L L L L L L L L L L L L L L L L L L L L L L L L L L L L L L L L L L L L L L L L L L L L L L L L L L L L L L L L R

