36 130
2 32
5 9
7 9
25 12
31 12
28 1
6 17
28 19
7 22
2 11
8 5
4 26
9 16
10 19
28 35
22 26
27 29
31 15
11 17
31 32
4 11
25 35
32 33
36 18
27 34
24 9
32 35
32 5
19 33
7 18
18 32
31 27
16 20
35 8
8 16
22 16
13 1
24 34
30 15
11 33
2 20
7 19
3 5
4 32
16 17
25 9
12 20
23 34
21 8
25 2
13 9
11 32
18 5
33 5
22 29
29 1
19 21
4 33
8 20
31 6
2 13
8 15
21 34
24 36
13 27
21 16
31 19
29 8
11 21
32 29
14 15
12 16
13 14
22 8
1 17
4 34
30 34
25 26
1 20
19 30
11 15
15 5
30 8
24 18
2 10
32 3
6 16
11 8
26 9
7 29
36 5
6 21
25 13
7 16
1 5
23 24
6 5
13 16
28 21
32 17
24 16
31 8
9 20
10 17
18 21
24 15
18 17
6 33
36 11
28 23
10 21
27 19
33 34
31 33
4 30
24 7
32 9
35 14
12 13
6 22
24 20
24 19
25 20
9 17
7 10
13 29
28 8
6 10
2 9
25 17
28
23
31
4
24
36
25
2
12
7
6
22
10
13
18
27
11
32
19
33
3
21
26
30
34
35
29
14
8
15
1
5
9
16
17
20

