50 30
311845544 26595268 335836190 32885712 42298104 166510566 371380512 108148012 285048598 287585784 311492286 31377580 292258274 8078400 12236840 639982016 149417520 625259600 214890078 24562858 7213581 354093282 6269688 35589417 67734720 172114475 536948230 366519232 668299200 11057598 
111175040 43564734 111738400 800280419 176596960 406044708 34985252 100803143 102319306 80488845 10812732 616301504 594083214 689762853 148466175 451877564 914893953 53206160 469775988 122923938 248933796 124050225 413381744 5155629 437639769 89604024 113064228 244710648 29232381 226685326 
388503640 799997800 323840268 17305110 18137662 514203704 546068538 5834672 358336 275232138 640119492 14024976 386012484 106729425 479191708 139964776 293308990 7618128 689234868 401649750 164042523 475468857 143519388 123873300 605899123 199728500 173030564 356227428 72592012 162233280 
454630358 329882460 4229400 38993962 873862618 2219238 13355685 340416200 264043342 503606116 772065385 967641849 255637617 91390791 93075174 5245656 75535440 123954138 340084668 42595305 19757364 5922608 4125096 492804792 109460400 346059560 267486648 482107520 202230390 167405535 
9276365 441711480 67081232 425030072 714657521 61208895 164622948 500131612 144852232 54108736 103616128 284449906 2081395 35662122 158382820 664170480 231681600 852218928 173199057 287281588 222602250 174677019 267853950 28056665 127229680 241802496 596885656 420522048 148509942 874106900 
275698543 549113647 519225696 16241616 38653678 38004180 141036632 353944282 28993500 35605221 187536010 384706492 14225834 10410694 496382338 998269184 126223644 101295036 151868250 282450090 193803588 273850497 293371980 104888655 77516736 86784696 349369528 629992545 447811299 285243524 
252039424 256247550 365284221 148407044 52850 128459232 8096945 286178670 121340830 52836000 496122525 143687050 88212320 179311795 374005688 193980966 542112921 400271936 316745656 65772364 295453062 342348096 187399812 16138243 17271586 103344775 857877930 385348681 256420008 97530334 
830533102 835159906 15836250 440980595 6897266 356391245 593121544 637485549 539720904 741827460 89500920 131796436 121008132 74787690 201001072 589458870 80802932 289651516 328335653 146372 502542508 715064448 565471830 273859768 256347098 157883148 690775360 78141028 391337955 36512040 
37754548 105818919 39382710 25284446 396197976 16076279 21474830 88190432 331148671 91405280 890039100 44663631 263655130 664570290 46339404 508092912 77343357 23740057 193222778 57345578 683955560 297769296 70988950 705646800 141668800 463043280 44763815 335089908 390288400 728860170 
204244052 420905940 418993972 651024918 131635146 341216316 13866391 38938410 591554298 37286808 106662885 118987890 188827340 148454376 246271809 77083305 431525572 637871760 512802864 309766100 151611100 67308764 64555020 814973627 701533134 35042805 372833092 422514048 42598080 42260504 
296877168 15462642 620396612 336884364 194750420 48716139 10902287 323593452 646179490 184922294 172450737 533577130 930351070 22708840 138374910 49224560 51525810 284018085 36729260 399472841 297850259 792460680 12036205 69837610 421192132 45169298 17234877 38238758 338015430 77775936 
10850500 672669252 138328096 411359636 59401485 41279184 385570548 297793692 27994395 434219805 606678936 426961782 6086748 70731258 437842116 15401094 270722959 81339228 190486400 434769160 198681728 40719510 283624890 18108792 176582712 8836692 519640569 404750952 720227872 286030880 
116661714 5122767 117520566 10344899 342140608 674043390 24196220 715386628 891916152 59012070 161367960 13082 625931635 839155921 368864100 50557760 432330116 409585565 699653040 73792290 459919782 460147961 308022750 309595500 440051850 50277796 170777640 45300000 242670848 2866896 
526507701 153413661 40844190 530596221 36953100 297432408 146198787 122649517 136535008 89356507 455869120 76130054 328758833 27659313 231755985 42382926 168011154 22424220 4787770 615433096 170622936 102711384 223352118 146031600 45907116 784487340 33668096 277748220 38939892 24328134 
208810150 945291600 706268988 443251083 52970725 146154460 451740645 45785748 440137742 235405234 4494148 244054434 10512720 199063100 655916238 47034538 889103886 523771868 779838293 54142110 292732064 700822500 363081510 28060144 410564000 92018409 780961720 168505461 716879450 243667359 
56630 378776916 12484176 21569184 229043052 786351660 43571836 303702243 69560115 323879182 726575773 574919974 729504 643455510 15808932 9018736 155389360 307122651 174503770 683741520 839264260 138655120 792405538 36387948 823888324 88762765 281072547 75668796 23010224 607499728 
205342282 364305172 7208838 806103164 172912224 291693064 674580390 204411389 327268789 30628835 538220124 689987074 478652832 792067166 28061698 283757320 23028459 123323444 335917788 30344660 26619900 216025728 603920460 468549968 290944488 183950550 146876842 196284032 143367445 157614390 
42296528 292388036 124483644 198130361 6315775 7289436 227460657 79160232 4970358 113466465 578498754 982097004 33190800 164344440 6107696 204725872 88038524 353230084 37541520 666649950 24902032 501491848 354882094 146689308 39696264 345798823 114842900 166873326 69649602 654410088 
87536295 601276704 74656461 113925360 290704609 127725508 5949484 129225156 10679500 270234174 692701772 23206160 396301153 435260918 613928590 303881344 89624772 409939751 560633888 136870281 86824386 46298790 194256284 23041073 69556929 21285928 784904617 73494253 56216018 398458624 
391641426 60798556 35201930 66908846 321738516 294569688 211271796 237891776 423392196 96458780 626382911 339332970 175328512 281640546 40521984 339152070 424054373 82270023 34877606 227459096 115844580 409643444 5758632 13799110 586996632 170772480 237668400 143608878 911970 225721320 
39230886 113145920 52665824 6540721 390544098 353900097 511307147 83332925 40571972 117967584 60548556 947008100 200805096 13393544 47979945 81166636 33882329 358442526 160711128 900309440 339456663 141536892 298852422 172097520 696285055 112947048 10320960 53370416 4002210 317491162 
497016150 286408760 610172277 350630982 287931743 102516120 44742331 127991104 415350936 31976230 42405750 348933900 286464990 50045894 527943108 137453896 31522068 97839853 759376116 526273230 34929062 369499005 457048920 845055108 545943970 76078100 95998165 71910459 48751352 7677516 
5372052 239727730 530646340 495106818 125731680 544646892 4283930 81071804 518912 226569720 103418956 408518415 918505386 565649770 125283438 607970806 170010512 79888861 529507056 485409671 60783165 66618273 8379816 778806016 311819070 238666500 17996267 311868432 201454930 152055377 
121427930 760437930 493859256 458222100 68050125 621332184 348126343 147073920 120697330 24340716 694847578 25439691 30072950 207829488 363185095 482271570 763097280 384419802 48428472 45055751 816526838 153386508 229940748 147904386 154890312 281980712 205145356 248564745 382944100 643997351 
109868018 213813950 46144502 30964184 444126984 18392567 233202510 15479552 38841766 36782144 180261466 409139304 261927657 192165790 460535814 63547292 67457418 821830500 171464720 105482652 15306780 131630787 361320426 73162032 69178485 871762932 82628044 30130730 200930955 78915342 
273777240 84971424 11526086 32277696 20137698 303858324 943134232 117430851 47840234 281113303 397992267 238618881 400992039 24761120 153649200 137847600 468652041 58735800 4575312 328179900 435349040 196961318 227225376 586961408 37922631 124277530 852782875 154007828 19140676 23703394 
200850364 358507420 413501768 393711424 810604770 93455585 52289090 393042478 427419592 338778272 217570830 53705080 32181741 368934215 46822264 684062115 22160754 852637776 147751890 318701544 238673808 386569626 196307616 110695516 295545000 89509152 769168125 167196708 931503321 342067845 
247892240 400566735 98763016 105801240 716161110 362538120 199397125 80464770 165703250 37849952 363998624 421020559 56367553 73309068 464515680 36970500 194384351 236757477 117827552 75036500 689840416 33783600 217685456 67758416 226846512 445642182 170043408 680379903 429968616 316934674 
868826365 722184288 576960276 2235386 267276075 156481650 53823744 68477172 6859296 39513556 369885273 46156509 218081508 275905920 167327104 11099712 368626258 518093598 705255980 506871588 411060008 255955616 195551580 463590344 427206875 255396960 351297482 129357972 34036250 275557608 
695072250 33193188 475382105 469136598 31684131 755920 9714590 106563762 281154081 54015444 606042450 959700755 71421079 80078768 196563742 39649860 60649578 843708708 239525080 107816388 44010471 218893328 37081561 970341096 37657310 68113808 253975514 55563682 123150728 435240740 
620754940 49385728 737205645 73216598 666245160 11735979 219498916 192836676 30938974 243513127 481659675 438124953 365262303 4943264 592065579 306120432 89044184 489320775 99088398 237645198 83425824 121615778 385611160 521821278 292532848 148816661 77084330 14949630 306329031 297204030 
637489354 11604438 18694864 55172637 279705195 100681182 300388725 390971350 140934248 500152406 19662000 254201054 11408565 438136149 549049248 72096028 654632168 114010024 50021682 905498300 191918394 361813276 253597656 93177984 104279643 482851 4986266 344221632 242878334 137535270 
152364520 861284052 40525918 173355000 86115988 556141278 16405690 223072647 55080000 535055808 4220892 101579316 90914428 378580347 579765536 334715020 220593093 351947685 640279908 179531407 23239062 401978478 95087248 546970708 887991107 32609213 102221565 734870660 703367530 2254736 
90740000 16679292 408824840 209311290 325814180 178380444 47070786 302506191 89281176 118766670 474072885 631457946 62638254 24802246 236893878 117327988 702256170 142369408 364061664 61765998 247609332 622649982 277266611 803900349 423930406 420873330 758433160 229582620 7163199 2853809 
29740688 86704116 8621922 39738754 27896150 220376214 83683128 42356040 113875254 202947160 153747304 260774136 846991383 274672321 11645477 316814542 23075334 834443436 378894012 115811850 111663937 121809600 27009318 642099150 471083600 291331281 215674956 3220096 227006992 591324188 
113331435 199355753 34156281 698499468 133804710 104956286 331988156 96776550 287701012 396601380 403308948 18343196 128034270 823656510 931553585 481883208 242028945 52029878 22304741 47007648 272066712 678374970 31378519 316108800 492766976 639875801 11373430 11478240 80753640 58759290 
877830888 413700112 495945687 121029620 4036446 845620224 48306843 236829882 111629728 438218022 161641085 709466472 29965038 313647684 46581955 86386399 512089517 221221007 222523812 213528840 936844124 278765568 669092340 439300584 534475135 422761308 22670984 276319700 30261870 41443788 
496169718 54914224 112639464 212495400 58276320 111230880 192816194 230284104 462282400 169639632 557839197 443875003 92497744 90796004 752617558 35107632 88550826 716022640 407918745 329173640 64718956 50904657 387558314 852867890 39328819 30568608 91997074 295634760 877713750 142152570 
218199572 499199416 599932750 83546658 228612432 149675349 578397834 42633250 207144300 187584700 934944135 306517089 237161838 40357200 263468174 49413114 401712246 24576310 327454208 786618852 6646320 498255728 650600127 755922000 911948940 398473317 110760576 275839610 37364166 294522298 
393615388 571139300 76467360 648971570 450448048 946199800 852772122 46782640 424336456 678964062 213123164 489343550 504524097 78496180 139790052 267308034 116941732 281196006 147172450 314100450 286348368 308938625 269781005 253188820 164751268 137116089 354001865 262227186 618078040 77485450 
539188524 42320880 14627150 26598871 30171597 221591001 606429738 98498697 100550387 85700232 618769987 191092033 293278824 360386040 170422824 48534772 647828034 432100254 30757200 425667054 109380844 366354166 63222040 269914738 115951100 180168312 369718080 38852343 171330404 132368476 
763283360 809567960 26030342 244945200 435169179 441151776 790617513 731210728 16039163 439098880 46152264 157864174 360646269 15319526 150156895 19029069 235802807 299206320 92819937 565957827 586176426 1537404 205159620 350094316 489665280 393847067 136977141 103934586 434473848 148155490 
3978617 116706210 68800384 427918671 658013650 204521274 88193385 856395890 503613956 769145840 253160690 47543314 20702847 92639358 38968716 239688219 322662024 17085075 666759108 140202557 59454765 38693550 59136531 737054082 198170735 841386438 71936419 143314352 571632795 54657152 
136324076 35529050 124240815 563037318 671972875 392365140 68689658 146854400 81599430 62613000 448820880 336534460 202477316 119138300 365439773 22368980 311129799 505495320 580802988 60559774 79876608 89145552 13940850 877783920 142594020 372380 127975332 385248380 969580766 124547456 
400323817 544079910 174848700 38051712 324999848 536668392 691312540 244977089 557656848 507943797 111272574 179806460 103302168 248131476 78519424 17041640 321581673 46758704 14855792 217677796 80863796 17429688 435305150 267478700 32751095 11559156 187175502 38841922 231621525 48365364 
24467072 188218764 368553157 165394282 848354655 488930778 86613825 137596708 59049096 23961015 459508569 281414896 342670802 94812421 311475375 409580848 18039928 111104063 21917064 160365852 361976258 354752838 428490984 79233990 174983734 2636630 2453360 39258771 374912812 27258196 
884401036 166515446 118021540 413563072 256353945 19046610 658224688 539654647 15125330 7510524 249233220 222588378 88818534 179834924 249951765 159118190 12671904 11841491 43592211 124965831 174288786 57479275 34795330 501891037 374928750 35052147 23629888 305373114 40648608 9407860 
273915936 184770016 622452688 828093882 256951250 260031744 565579872 410100306 185535072 341327438 48656608 191138384 670381510 77507216 657692904 255329838 319947700 496117360 238513992 101374728 9189681 582697890 130016494 50080906 71802640 242905630 161805908 403271994 174490680 461884754 
64051560 72278192 525385678 270015142 47394314 60499404 10045310 259694009 567839109 96591040 728907446 100809106 50433714 83910200 105937623 111951231 286370250 165150500 164332110 374440760 570120916 759248748 694790730 62156560 146599992 595561608 421558400 455945760 427148878 99117150 
118540685 31006750 400653792 205041088 17333260 364803192 299662400 922423740 65657825 6615930 123159680 282363012 569477305 764683789 298858560 65026800 103376782 73669118 245347076 393399864 677768022 45945003 714167636 8200329 291094391 681281181 391076615 148552854 21658590 14442197 
0 1 0 0 0 0 1 0 0 0 0 0 0 0 0 0 0 0 0 0 0 0 0 0 0 0 0 0 0 0 
0 0 0 1 0 0 0 0 0 0 0 0 0 0 0 0 1 0 0 0 0 0 0 1 0 0 0 0 0 0 
0 0 0 0 0 1 0 0 0 0 0 0 0 0 0 0 0 0 0 0 0 0 0 0 1 0 0 0 0 0 
0 0 0 0 0 0 0 0 0 0 0 0 0 0 0 0 1 0 1 0 0 1 1 0 0 0 0 0 0 0 
0 0 0 0 0 0 0 0 1 0 0 0 0 0 0 1 0 0 0 0 0 0 1 0 0 0 0 0 0 0 
0 0 0 0 0 0 0 0 0 0 0 0 0 0 0 0 0 0 0 0 0 0 0 0 0 0 0 0 0 0 
0 0 0 0 0 0 0 1 1 0 0 0 0 0 0 0 0 0 0 0 0 0 0 1 0 0 0 0 0 0 
0 0 0 0 1 0 0 0 0 0 0 0 0 0 0 0 0 0 0 0 0 0 0 0 0 1 0 0 0 0 
0 0 0 0 0 1 0 0 0 0 0 0 0 0 0 0 0 0 0 0 0 0 0 0 0 0 0 0 1 1 
0 0 0 0 0 0 0 0 0 0 0 0 0 0 0 0 0 1 0 0 0 0 0 0 0 0 0 0 0 0 
0 0 0 0 0 0 0 0 0 0 0 0 0 0 0 0 0 0 0 1 0 0 1 0 0 0 0 0 0 0 
0 0 0 0 0 0 0 0 0 0 0 0 0 0 0 0 0 0 0 0 0 0 1 0 0 0 0 0 0 0 
0 0 0 0 0 0 0 0 0 0 0 0 0 0 0 1 0 0 0 0 0 0 0 0 0 0 0 0 0 0 
0 0 0 0 0 0 0 0 0 0 0 0 0 0 0 1 0 0 0 0 0 0 0 0 0 0 0 0 0 0 
0 0 0 0 0 0 0 0 0 0 0 0 0 0 0 0 0 0 0 0 0 0 0 0 0 0 0 0 0 0 
0 0 0 0 0 0 0 0 0 0 0 0 0 0 1 0 0 0 0 0 0 0 0 0 0 0 0 0 0 0 
0 0 0 0 0 0 0 0 0 0 0 0 0 0 0 0 0 0 0 0 0 1 0 0 0 0 0 0 0 1 
0 0 0 0 0 0 0 0 0 0 0 0 0 0 0 0 0 0 0 0 0 0 0 0 0 0 0 0 0 0 
0 0 1 0 0 1 0 0 0 0 0 0 0 0 0 1 0 0 1 0 0 0 0 0 0 0 0 1 0 0 
0 0 0 0 0 0 0 0 0 0 0 0 0 0 0 0 0 0 0 0 0 0 0 0 0 0 0 0 0 0 
0 0 1 0 0 0 0 0 0 0 0 0 0 0 0 0 0 0 0 0 0 0 0 0 0 0 0 0 0 0 
0 0 1 0 0 0 0 0 1 0 0 0 1 0 0 0 1 0 0 0 0 0 0 0 0 0 0 0 0 0 
0 0 0 0 0 0 0 0 0 0 0 0 0 0 0 0 0 0 0 0 0 0 0 0 0 0 0 0 0 1 
0 0 0 0 0 1 0 0 0 0 0 0 0 0 0 0 1 0 0 0 0 0 0 0 0 0 0 0 0 0 
0 0 0 0 0 1 0 0 0 0 0 0 0 1 0 0 0 0 0 0 0 0 0 0 0 0 0 0 0 1 
1 0 1 0 0 0 0 0 0 0 0 0 0 0 0 0 0 0 0 0 0 0 0 0 0 0 0 1 0 0 
0 1 0 0 0 0 0 0 0 0 0 0 0 0 1 0 1 0 0 0 0 0 0 0 0 0 0 1 0 0 
0 0 1 0 0 0 0 0 0 0 1 0 0 0 0 0 0 0 0 0 0 0 0 0 0 0 0 0 0 0 
0 0 0 0 0 1 1 0 0 0 0 0 0 0 1 0 0 0 0 0 0 1 1 0 0 0 0 0 0 0 
0 0 0 0 0 0 0 0 0 0 0 0 0 0 0 0 0 0 0 0 0 0 0 0 0 0 0 0 0 0 
0 0 0 0 0 0 0 0 0 1 0 0 0 0 0 0 0 0 0 0 0 0 0 0 0 0 0 0 0 0 
1 0 0 0 0 0 0 0 0 0 0 0 0 0 0 0 0 0 0 0 0 0 0 1 0 0 0 0 0 0 
0 0 0 0 0 0 0 0 0 0 0 0 0 0 0 1 1 0 0 0 0 0 0 1 0 0 0 1 0 0 
1 0 0 0 0 1 0 1 0 0 0 0 0 0 0 0 0 0 0 0 0 0 0 0 0 0 0 0 0 0 
0 0 0 0 0 0 0 0 1 0 1 0 0 0 0 0 1 0 0 0 0 0 0 0 0 0 0 0 0 0 
0 0 0 1 0 0 0 0 0 0 0 0 0 0 0 0 0 0 0 0 0 0 0 0 0 0 0 0 0 0 
0 0 0 0 0 0 0 0 1 0 0 0 1 1 0 0 0 0 0 0 0 0 0 0 0 0 1 0 0 0 
0 0 0 0 0 0 0 1 0 0 0 0 0 0 0 0 0 0 0 0 0 0 0 0 0 0 0 0 0 1 
0 0 0 0 0 0 0 0 0 0 0 0 0 0 0 0 0 0 0 0 0 0 0 0 0 0 0 0 0 0 
0 0 0 0 0 0 0 0 0 0 0 0 0 0 0 0 0 0 0 0 0 0 0 0 0 0 1 0 0 0 
0 0 0 0 0 0 0 0 0 1 0 0 0 0 0 0 0 0 0 0 0 0 0 0 0 0 0 0 1 0 
0 0 0 0 0 0 0 0 0 0 0 0 0 0 0 0 0 0 0 1 0 0 0 0 0 0 0 0 0 0 
0 0 0 0 0 0 0 0 0 0 0 0 0 0 0 0 0 0 0 0 0 0 0 0 1 0 0 0 0 0 
0 0 0 0 0 0 0 0 0 0 0 0 1 0 0 0 0 0 0 1 0 0 0 0 0 0 0 0 0 0 
1 0 0 0 0 0 0 0 0 0 0 0 0 0 1 0 0 0 0 0 0 0 0 0 0 0 0 0 0 0 
0 0 0 0 0 0 0 0 0 0 0 0 0 0 0 0 0 0 0 0 0 0 0 0 0 0 0 0 0 0 
0 0 0 0 0 0 1 0 0 0 0 0 0 0 0 0 0 0 0 0 0 0 0 0 0 0 0 0 0 0 
0 0 0 0 0 0 0 1 0 0 0 0 0 0 0 0 0 1 0 0 0 1 0 0 0 0 0 0 1 0 
0 0 1 0 0 0 0 0 0 0 0 0 0 0 0 0 0 1 0 0 0 0 0 0 0 0 0 0 1 0 
0 0 0 0 0 0 0 0 0 0 0 0 0 0 0 0 0 0 0 1 0 0 0 0 0 0 0 0 0 0 

