999299 1000
313755 959232
231977 965627
814334 874771
68730 713929
338348 557676
751080 793020
142773 774441
156212 558878
376392 531588
435855 781366
186261 873537
266827 871042
538834 974334
807007 970713
549043 900443
206618 816045
194398 614725
422797 872314
334113 629014
657784 925205
313860 774923
277469 948431
225656 606725
210114 462095
27392 786496
1245 424298
631018 695423
572249 871287
161742 969512
125257 326173
324636 931188
44093 54755
960617 982911
133777 172979
362319 715538
522687 689854
57362 306967
102944 255954
138462 235260
513618 887037
697958 743591
808973 920536
240542 915612
374659 699601
42843 73964
311407 923782
190760 552048
507259 584511
179828 984516
763021 908188
983166 985952
74463 569283
711761 875529
140802 661621
331025 496540
36404 513870
632192 704547
379269 941966
67547 645974
674955 747923
35158 754451
39458 851637
314133 537117
477841 632591
258935 280536
234024 787705
403384 668405
6104 380406
555867 726158
795023 836354
301328 658321
27912 472141
222819 283419
119128 381003
842556 877111
787708 839476
149388 590649
649390 706631
31568 556110
76706 754824
895181 996559
224057 910390
340121 574216
444949 552565
393189 798062
504178 824616
269067 487448
958810 977670
542744 685406
63920 498988
570474 650194
705640 921402
303991 899314
649938 800307
636810 822710
560005 588568
217447 720276
463495 896481
222080 327506
602554 865303
153821 974673
691528 694187
291123 795819
166834 553336
127620 500670
67319 516794
261656 870882
52802 409572
366975 725758
210771 635671
491335 801108
736224 997099
385067 676872
353291 933317
456132 590768
104914 583945
623781 953610
177030 972526
767911 927140
42993 619093
934605 988978
39244 306574
615801 653630
368275 535168
155318 394436
391015 872145
688695 871328
2017 170599
326010 794671
597610 635377
436316 968587
278034 959338
3192 635423
636148 854930
93168 217181
375825 729771
74964 84240
764926 865837
350654 454867
662009 926500
239633 852068
664006 825737
384265 535277
529933 855788
339939 641733
150756 629577
663774 735896
22703 967297
715160 877030
173464 187428
262578 501879
216099 361010
817242 981214
102948 219339
114180 409221
173751 685291
348353 960515
18435 573387
209186 267403
308781 474852
348920 940277
186321 310119
461764 871313
152039 859357
279530 587489
385552 465217
50449 170431
228377 927178
437706 835469
141367 308817
878091 898617
20225 472742
573680 597980
24551 301030
33736 428466
148117 224264
161127 194149
326634 481318
426498 433063
90192 704481
668353 707687
259747 997675
103699 956377
144459 714459
40080 82401
583777 650674
567017 926047
79159 742903
182710 296878
451601 884762
388333 410962
195975 238577
112390 840429
482000 770300
376859 610847
149735 243574
42890 198070
168656 174375
471297 560002
592529 952521
419423 735521
108695 221740
703351 933165
412216 874316
54146 377438
189465 725230
364098 406694
80510 825959
53224 866222
360559 818408
408410 817807
23874 960456
9999 274926
485849 703058
66483 683828
204085 900646
13736 291429
366279 942615
506371 878072
279434 612652
543679 967509
112989 708349
209081 345827
247144 941177
652116 819103
97635 609433
488197 603034
335845 952560
356328 453045
344730 842338
93064 421926
2520 913590
466815 507003
497508 566209
452525 575228
823506 917473
965427 993962
20232 302825
68708 254034
210977 624349
137322 202661
181037 580570
532506 857909
299510 343107
618587 725314
743001 844146
594323 771763
530304 622269
724373 965952
125215 152759
10163 38292
641353 793488
453446 657247
33809 154956
396379 722533
51309 122985
375753 930484
180045 681674
275903 581548
520886 650807
535358 972968
262456 924458
518899 733640
436696 533489
745512 771114
354825 794637
698231 914284
161103 256561
200720 364847
404739 485336
212103 621059
241806 744214
504530 926119
676563 765921
586301 806418
12712 638422
635203 647696
522299 928097
485688 994465
353713 732707
62246 261740
22925 30133
312212 827284
127142 394616
121436 242809
870106 951989
255211 833602
435414 470830
159070 588020
751460 783816
270512 327429
198667 563746
549870 561373
605862 660210
637464 758545
32317 648277
62082 823103
573245 654968
432857 620410
11047 531349
26821 583502
80038 409899
299949 805130
331877 832485
435222 921609
586799 866594
150656 178579
265127 875651
128834 857468
368314 894414
428892 936054
464444 523380
778418 833978
500011 568524
345113 811565
238242 631336
696224 816456
120207 676367
233129 980342
59846 522452
351187 910504
112956 506547
418420 972000
275722 396045
289952 918359
339912 517937
739288 974417
475963 499866
232720 691940
334504 847446
429615 618445
723904 895423
417288 612046
111045 637482
202472 259168
668754 965654
141501 630376
357907 653649
579019 882198
37398 597850
539530 886296
162567 551060
160500 514103
390979 491717
491375 837305
122699 584442
495680 863166
178375 712397
13894 49942
136103 447891
635382 834551
384633 801277
56596 964342
369964 905347
134487 304200
38045 905981
575493 913181
264731 691096
675092 947802
223340 338928
94586 228130
113987 125347
795861 871026
304309 684831
155919 207489
469104 662745
398025 914723
30990 834216
408412 743069
238962 260062
895184 930509
264435 697445
146241 901719
597106 890096
78658 632894
492375 670796
50976 895724
194082 888523
153091 700767
72559 272307
179209 644031
51415 779943
573792 748305
569193 642222
110495 584130
462603 865163
372335 457704
394973 429199
6090 372321
758342 890782
19059 453333
150719 896664
370317 550492
384596 749443
104335 522067
220373 753561
208338 677485
216279 421959
409583 659060
686435 887048
603410 870757
253724 958209
594961 875677
574620 768364
484851 973455
331654 591382
467075 944334
802132 968834
509883 520683
795163 994190
76300 977126
484573 900585
43246 522987
57754 541042
241405 689627
325867 650020
919819 921763
584264 764086
474401 991369
161934 216608
294555 940943
94211 823390
662545 986312
465856 694785
730355 971511
305866 697124
205025 222286
220098 904231
311708 782522
878434 969358
164991 533681
220780 251745
854081 906233
73719 724407
547832 580965
279384 917713
454305 465337
388391 613411
42263 217131
534875 633555
272219 514788
117041 872214
210794 423343
101435 851792
168497 380367
876843 946638
541979 814469
725334 908203
195400 741108
743954 995738
352709 611331
883934 984607
297945 516803
679754 877869
5992 600111
444932 639692
388424 938400
20177 885451
349035 793663
270436 696673
137326 380613
290831 693934
459376 846392
539423 830249
145555 976298
749299 929575
278452 404690
925883 968473
32778 295438
666042 681783
209506 482654
28477 466051
490933 590747
84812 313213
259555 998437
544014 932345
743154 806003
803598 955122
119774 913315
464157 516078
376599 964943
24845 755723
255029 919595
272622 277889
418165 801879
193511 705405
646981 660053
165386 600903
191786 554625
284927 532069
65380 852423
654396 802395
45781 795978
479273 771275
34944 934715
32653 648178
424144 945719
36330 256558
17157 830438
110124 489842
575347 840141
677094 891391
436742 738209
303450 440033
155014 395280
556342 716424
40001 979038
229760 403252
389052 771204
366689 984925
779221 985712
78083 914831
597168 678079
10628 816992
203860 395628
153642 845140
365453 756406
70244 401603
337860 671829
316582 746559
515572 539133
294025 716608
26256 581167
113331 604663
723808 882946
590698 788341
31115 304389
164565 473604
550 323438
276170 384524
161522 576646
199541 632589
71445 724959
169776 377326
492062 787627
786619 935739
188906 938148
546892 772327
65537 452517
449654 945929
401437 622843
26652 639484
61330 542496
94860 778769
657485 725673
644389 900716
390971 831193
114017 716839
478831 831264
102976 975129
282591 662415
202086 971673
252526 759028
23030 62785
457457 675977
677167 908467
129024 566799
33174 976888
580434 776844
281651 803048
408025 715535
40215 135910
262169 816110
375652 527128
128632 144189
84255 205310
306020 981564
560230 698319
707722 854701
114083 373374
148965 758847
97151 329618
333768 738863
19030 522418
363404 564620
399905 624730
105015 254787
861119 933857
174294 875361
58307 355449
38848 169990
609375 736879
376291 816576
480486 671059
72312 92504
728114 961869
402761 670947
916368 947320
8559 635039
504162 822170
271503 730328
221879 778662
740942 863647
643416 651647
38610 879222
481437 801837
247838 619986
23573 862869
81785 632442
457037 478934
95223 620657
273340 712306
153024 888168
718832 922494
115432 158102
118695 598744
220837 373444
268955 776681
742189 836113
258698 874875
489363 891345
283468 917037
629698 965735
319286 447870
572535 953534
346683 394631
485286 985269
31078 804826
21123 326081
163369 270138
257355 459737
133450 894488
893199 957938
150510 925888
580307 690810
728274 734710
591638 757174
361181 456419
177975 181521
789235 864642
312294 786281
466189 656639
375392 507286
842900 848052
354300 972329
793297 940108
426796 895824
455195 765890
548489 968307
22224 189329
80202 767777
655426 873415
848845 997964
151246 451791
260722 839786
373594 539557
503675 958765
446049 470466
225369 279408
117526 844898
535102 909141
303555 570608
142654 247510
760149 934502
24082 888991
459752 651359
383285 417493
667853 778415
179288 355134
243323 957101
102764 643472
228452 317949
123699 487122
291774 311250
455356 950529
43699 256626
61491 848127
490937 926166
485559 786941
232275 740652
543447 736785
67113 856440
541765 790858
57206 808514
609528 735019
286652 496087
67588 787754
597286 608857
141355 705049
312248 582145
236601 597492
3699 253455
27387 867998
26646 235530
307947 314678
18583 202286
435646 549356
485858 782083
331569 493960
287306 608420
77177 167568
671299 860904
805701 901466
712764 758240
288121 748748
147758 615060
900275 934249
383636 924286
209014 313527
854464 966699
662792 680387
349729 352456
568618 910776
353405 520503
121406 852159
792886 894705
228486 401314
394711 782214
31018 862147
395179 696550
309521 671913
11140 356467
121624 620242
40903 742388
102689 510297
492412 624737
767748 990560
122364 444611
402782 629340
18840 943034
36933 921113
429262 723756
34965 465124
132888 556639
335324 929139
538003 743521
122873 827499
254417 891695
437858 955914
267120 479854
47099 609886
607966 738764
347328 745348
97729 328978
46392 850851
151053 511084
168392 930149
250238 379385
786679 858097
32653 465886
127470 913351
597545 830984
807584 950003
521557 776886
129917 529264
332486 491814
596097 721412
11848 166622
48357 573699
378608 424276
903130 947825
814084 904647
92876 826362
38379 873270
832517 846098
15511 217432
229468 896746
779442 903355
554121 965555
808629 885419
412292 751281
516341 642804
317461 756738
93850 790946
712988 868887
142567 694698
369479 994786
832645 888168
785091 846107
18327 634983
104880 115636
173789 553572
656895 688383
789018 977430
394972 988915
262604 414937
538235 690903
41337 313257
773981 778420
74242 998617
639942 776818
94028 856726
171191 799752
507940 880835
271743 769362
69612 213794
54061 558689
396634 615091
371640 480902
213417 886930
59304 689017
610264 811987
57752 695654
304048 779803
138968 440505
82763 892049
102824 850410
798891 809892
127883 764782
321873 587668
331435 990805
100503 362687
295138 700055
259681 664932
489250 606068
439101 717434
413962 933210
815502 870886
112637 345852
557247 814874
51153 453928
391916 736492
364354 739695
136905 261986
755627 808944
263981 802675
900331 988526
806230 832410
540720 638419
340066 663363
748579 808063
332822 439942
242004 759816
241858 967495
61718 441068
676031 824576
435502 439413
347671 513258
223465 434977
109477 856246
33412 162167
206930 540694
132450 352761
332835 849960
93082 648821
40139 489513
649654 779909
110321 633176
100272 152821
122012 782103
46141 276127
225645 655828
139258 750234
334751 584110
32630 329648
344037 561280
416139 740328
678346 953073
591126 685655
196416 985520
546673 961895
53711 601109
119407 391448
95169 191065
419187 583827
25484 696273
915510 952326
369544 559651
491570 831784
290071 839124
219074 510854
437486 744524
445963 601789
140380 948973
16997 416847
95709 788586
502681 673305
95168 824632
248246 254495
647924 996831
382248 480328
345915 872956
80378 619261
259434 549955
426701 561635
396717 531945
26292 457707
367386 570732
706239 706884
459259 876252
795580 978105
338207 526384
677321 919170
369219 405538
319603 725192
137558 714406
409976 932515
156350 829825
415894 789165
746371 757898
158525 374257
22850 79628
391417 915504
181840 601582
508255 757738
158012 929091
281219 364668
868330 951964
220180 847344
191801 945252
216198 695164
831307 998873
62556 282762
440386 852835
345560 850786
128868 385430
203954 433551
922371 948735
11598 46300
125558 559760
449126 740448
79582 767176
168499 858812
265089 957984
148324 981135
354189 398842
380257 738987
707834 750373
346241 606608
358142 359693
311352 981998
16863 206831
65942 71058
434894 748288
640393 706141
381188 749315
150852 929287
85394 187581
86638 186118
280791 614799
88347 207936
259481 929201
263690 977240
775731 926371
154797 514095
427333 718027
160962 353325
150538 432360
696514 698164
477154 477821
417784 668849
322847 708675
206243 742553
601781 830793
374980 462045
565142 903020
350693 964374
373393 863290
61389 430103
620834 813542
837564 904168
20485 228733
17097 307165
684264 851004
647935 821277
338974 661372
579947 816749
232119 625164
319149 513657
56836 978149
264751 814345
80840 569822
461038 754523
35478 136897
709000 766845
838785 905870
273983 330535
817105 966205
397651 944942
653326 926765
501876 928364
556699 959862
114614 689109
367318 417414
333381 480671
262391 844389
504422 792541
279483 866594
223726 583867
265709 498032
44731 501664
143768 442151
343089 438922
707003 993105
22838 410537
80173 862684
6980 188146
790036 985227
892885 950619
209325 850065
319450 895090
211760 952374
346292 726696
443559 493906
221717 371228
354269 471695
686397 912744
29986 163645
328177 841094
593455 832746
